time: 0
0 1 6 5 4 3 2 1 
1 0 7 6 5 4 3 2 
6 7 0 1 2 3 4 5 
5 6 1 0 1 2 3 4 
4 5 2 1 0 1 2 3 
3 4 3 2 1 0 1 2 
2 3 4 3 2 1 0 1 
1 2 5 4 3 2 1 0 
........................
time: 1
0 1 6 5 4 3 2 1 
1 0 7 6 5 4 3 2 
6 7 0 1 2 3 4 5 
5 6 1 0 1 2 3 4 
4 5 2 1 0 1 2 3 
3 4 3 2 1 0 1 2 
2 3 4 3 2 1 0 1 
1 2 5 4 3 2 1 0 
........................
time: 2
0 1 6 5 4 3 2 1 
1 0 7 6 5 4 3 2 
6 7 0 1 2 3 4 5 
5 6 1 0 1 2 3 4 
4 5 2 1 0 1 2 3 
3 4 3 2 1 0 1 2 
2 3 4 3 2 1 0 1 
1 2 5 4 3 2 1 0 
........................
time: 3
0 1 6 5 4 3 2 1 
1 0 7 6 5 4 3 2 
6 7 0 1 2 3 4 5 
5 6 1 0 1 2 3 4 
4 5 2 1 0 1 2 3 
3 4 3 2 1 0 1 2 
2 3 4 3 2 1 0 1 
1 2 5 4 3 2 1 0 
........................
time: 4
0 1 6 5 4 3 2 1 
1 0 7 6 5 4 3 2 
6 7 0 1 2 3 4 5 
5 6 1 0 1 2 3 4 
4 5 2 1 0 1 2 3 
3 4 3 2 1 0 1 2 
2 3 4 3 2 1 0 1 
1 2 5 4 3 2 1 0 
........................
time: 5
0 1 6 5 4 3 2 1 
1 0 7 6 5 4 3 2 
6 7 0 1 2 3 4 5 
5 6 1 0 1 2 3 4 
4 5 2 1 0 1 2 3 
3 4 3 2 1 0 1 2 
2 3 4 3 2 1 0 1 
1 2 5 4 3 2 1 0 
........................
time: 6
0 1 6 5 4 3 2 1 
1 0 7 6 5 4 3 2 
6 7 0 1 2 3 4 5 
5 6 1 0 1 2 3 4 
4 5 2 1 0 1 2 3 
3 4 3 2 1 0 1 2 
2 3 4 3 2 1 0 1 
1 2 5 4 3 2 1 0 
........................
time: 7
0 1 6 5 4 3 2 1 
1 0 7 6 5 4 3 2 
6 7 0 1 2 3 4 5 
5 6 1 0 1 2 3 4 
4 5 2 1 0 1 2 3 
3 4 3 2 1 0 1 2 
2 3 4 3 2 1 0 1 
1 2 5 4 3 2 1 0 
........................
time: 8
0 1 6 5 4 3 2 1 
1 0 7 6 5 4 3 2 
6 7 0 1 2 3 4 5 
5 6 1 0 1 2 3 4 
4 5 2 1 0 1 2 3 
3 4 3 2 1 0 1 2 
2 3 4 3 2 1 0 1 
1 2 5 4 3 2 1 0 
........................
time: 9
0 1 6 5 4 3 2 1 
1 0 7 6 5 4 3 2 
6 7 0 1 2 3 4 5 
5 6 1 0 1 2 3 4 
4 5 2 1 0 1 2 3 
3 4 3 2 1 0 1 2 
2 3 4 3 2 1 0 1 
1 2 5 4 3 2 1 0 
........................
time: 10
0 1 6 5 4 3 2 1 
1 0 7 6 5 4 3 2 
6 7 0 1 2 3 4 5 
5 6 1 0 1 2 3 4 
4 5 2 1 0 1 2 3 
3 4 3 2 1 0 1 2 
2 3 4 3 2 1 0 1 
1 2 5 4 3 2 1 0 
........................
time: 11
0 1 6 5 4 3 2 1 
1 0 7 6 5 4 3 2 
6 7 0 1 2 3 4 5 
5 6 1 0 1 2 3 4 
4 5 2 1 0 1 2 3 
3 4 3 2 1 0 1 2 
2 3 4 3 2 1 0 1 
1 2 5 4 3 2 1 0 
........................
time: 12
0 1 6 5 4 3 2 1 
1 0 7 6 5 4 3 2 
6 7 0 1 2 3 4 5 
5 6 1 0 1 2 3 4 
4 5 2 1 0 1 2 3 
3 4 3 2 1 0 1 2 
2 3 4 3 2 1 0 1 
1 2 5 4 3 2 1 0 
........................
time: 13
0 1 6 5 4 3 2 1 
1 0 7 6 5 4 3 2 
6 7 0 1 2 3 4 5 
5 6 1 0 1 2 3 4 
4 5 2 1 0 1 2 3 
3 4 3 2 1 0 1 2 
2 3 4 3 2 1 0 1 
1 2 5 4 3 2 1 0 
........................
time: 14
0 1 6 5 4 3 2 1 
1 0 7 6 5 4 3 2 
6 7 0 1 2 3 4 5 
5 6 1 0 1 2 3 4 
4 5 2 1 0 1 2 3 
3 4 3 2 1 0 1 2 
2 3 4 3 2 1 0 1 
1 2 5 4 3 2 1 0 
........................
time: 15
0 1 6 5 4 3 2 1 
1 0 7 6 5 4 3 2 
6 7 0 1 2 3 4 5 
5 6 1 0 1 2 3 4 
4 5 2 1 0 1 2 3 
3 4 3 2 1 0 1 2 
2 3 4 3 2 1 0 1 
1 2 5 4 3 2 1 0 
........................
time: 16
0 1 6 5 4 3 2 1 
1 0 7 6 5 4 3 2 
6 7 0 1 2 3 4 5 
5 6 1 0 1 2 3 4 
4 5 2 1 0 1 2 3 
3 4 3 2 1 0 1 2 
2 3 4 3 2 1 0 1 
1 2 5 4 3 2 1 0 
........................
time: 17
0 1 6 5 4 3 2 1 
1 0 7 6 5 4 3 2 
6 7 0 1 2 3 4 5 
5 6 1 0 1 2 3 4 
4 5 2 1 0 1 2 3 
3 4 3 2 1 0 1 2 
2 3 4 3 2 1 0 1 
1 2 5 4 3 2 1 0 
........................
time: 18
0 1 6 5 4 3 2 1 
1 0 7 6 5 4 3 2 
6 7 0 1 2 3 4 5 
5 6 1 0 1 2 3 4 
4 5 2 1 0 1 2 3 
3 4 3 2 1 0 1 2 
2 3 4 3 2 1 0 1 
1 2 5 4 3 2 1 0 
........................
time: 19
0 1 6 5 4 3 2 1 
1 0 7 6 5 4 3 2 
6 7 0 1 2 3 4 5 
5 6 1 0 1 2 3 4 
4 5 2 1 0 1 2 3 
3 4 3 2 1 0 1 2 
2 3 4 3 2 1 0 1 
1 2 5 4 3 2 1 0 
........................
time: 20
0 1 6 5 4 3 2 1 
1 0 7 6 5 4 3 2 
6 7 0 1 2 3 4 5 
5 6 1 0 1 2 3 4 
4 5 2 1 0 1 2 3 
3 4 3 2 1 0 1 2 
2 3 4 3 2 1 0 1 
1 2 5 4 3 2 1 0 
........................
time: 21
0 1 6 5 4 3 2 1 
1 0 7 6 5 4 3 2 
6 7 0 1 2 3 4 5 
5 6 1 0 1 2 3 4 
4 5 2 1 0 1 2 3 
3 4 3 2 1 0 1 2 
2 3 4 3 2 1 0 1 
1 2 5 4 3 2 1 0 
........................
time: 22
0 1 6 5 4 3 2 1 
1 0 7 6 5 4 3 2 
6 7 0 1 2 3 4 5 
5 6 1 0 1 2 3 4 
4 5 2 1 0 1 2 3 
3 4 3 2 1 0 1 2 
2 3 4 3 2 1 0 1 
1 2 5 4 3 2 1 0 
........................
time: 23
0 1 6 5 4 3 2 1 
1 0 7 6 5 4 3 2 
6 7 0 1 2 3 4 5 
5 6 1 0 1 2 3 4 
4 5 2 1 0 1 2 3 
3 4 3 2 1 0 1 2 
2 3 4 3 2 1 0 1 
1 2 5 4 3 2 1 0 
........................
