time: 0
2 2 
2 1 
2 1 
2 1 
2 1 
0 0 

0 0 
1 1 
1 1 
1 1 
1 1 
0 0 

1 1 
0 0 
1 1 
1 1 
1 1 
0 0 

1 1 
1 1 
0 0 
1 1 
1 1 
0 0 

1 1 
1 1 
1 1 
0 0 
1 1 
0 1 

1 1 
1 1 
1 1 
1 1 
0 0 
0 0 

........................
time: 1
1 1 
1 1 
1 1 
1 1 
1 2 
0 0 

0 0 
1 1 
1 1 
1 1 
1 2 
0 0 

1 1 
0 0 
1 1 
1 1 
1 2 
0 0 

1 1 
1 1 
0 0 
1 1 
1 2 
0 0 

1 1 
1 1 
1 1 
0 0 
1 1 
0 2 

2 1 
2 1 
2 1 
2 1 
0 0 
0 0 

........................
time: 2
1 1 
1 1 
1 1 
1 2 
1 1 
0 0 

0 0 
1 1 
1 1 
1 2 
1 1 
0 0 

1 1 
0 0 
1 1 
1 2 
1 1 
0 0 

1 1 
1 1 
0 0 
1 1 
1 1 
0 0 

2 1 
2 1 
2 1 
0 0 
2 2 
0 1 

1 1 
1 1 
1 1 
1 2 
0 0 
0 0 

........................
time: 3
1 1 
1 1 
1 1 
1 1 
1 1 
0 0 

0 0 
2 2 
2 1 
2 1 
2 1 
0 0 

1 2 
0 0 
1 1 
1 1 
1 1 
0 0 

1 2 
1 1 
0 0 
1 1 
1 1 
0 0 

1 2 
1 1 
1 1 
0 0 
1 1 
0 1 

1 2 
1 1 
1 1 
1 1 
0 0 
0 0 

........................
time: 4
2 2 
2 1 
2 1 
2 1 
2 1 
0 0 

0 0 
1 1 
1 1 
1 1 
1 1 
0 0 

1 1 
0 0 
1 1 
1 1 
1 1 
0 0 

1 1 
1 1 
0 0 
1 1 
1 1 
0 0 

1 1 
1 1 
1 1 
0 0 
1 1 
0 1 

1 1 
1 1 
1 1 
1 1 
0 0 
0 0 

........................
time: 5
1 1 
1 2 
1 1 
1 1 
1 1 
0 0 

0 0 
1 1 
1 1 
1 1 
1 1 
0 0 

2 1 
0 0 
2 2 
2 1 
2 1 
0 0 

1 1 
1 2 
0 0 
1 1 
1 1 
0 0 

1 1 
1 2 
1 1 
0 0 
1 1 
0 1 

1 1 
1 2 
1 1 
1 1 
0 0 
0 0 

........................
time: 6
1 1 
1 1 
1 1 
1 1 
1 1 
0 0 

0 0 
2 2 
3 1 
3 1 
3 1 
0 0 

1 3 
0 0 
1 1 
1 1 
1 1 
0 0 

1 3 
1 1 
0 0 
1 1 
1 1 
0 0 

1 3 
1 1 
1 1 
0 0 
1 1 
0 1 

1 3 
1 1 
1 1 
1 1 
0 0 
0 0 

........................
time: 7
1 1 
1 1 
1 1 
1 1 
1 1 
0 0 

0 0 
2 2 
2 1 
2 1 
2 1 
0 0 

1 2 
0 0 
1 1 
1 1 
1 1 
0 0 

1 2 
1 1 
0 0 
1 1 
1 1 
0 0 

1 2 
1 1 
1 1 
0 0 
1 1 
0 1 

1 2 
1 1 
1 1 
1 1 
0 0 
0 0 

........................
time: 8
2 2 
2 1 
2 1 
2 1 
2 1 
0 0 

0 0 
1 1 
1 1 
1 1 
1 1 
0 0 

1 1 
0 0 
1 1 
1 1 
1 1 
0 0 

1 1 
1 1 
0 0 
1 1 
1 1 
0 0 

1 1 
1 1 
1 1 
0 0 
1 1 
0 1 

1 1 
1 1 
1 1 
1 1 
0 0 
0 0 

........................
time: 9
1 1 
1 1 
1 1 
1 1 
1 2 
0 0 

0 0 
1 1 
1 1 
1 1 
1 2 
0 0 

1 1 
0 0 
1 1 
1 1 
1 2 
0 0 

1 1 
1 1 
0 0 
1 1 
1 2 
0 0 

1 1 
1 1 
1 1 
0 0 
1 1 
0 2 

2 1 
2 1 
2 1 
2 1 
0 0 
0 0 

........................
time: 10
1 1 
1 1 
1 1 
1 2 
1 1 
0 0 

0 0 
1 1 
1 1 
1 2 
1 1 
0 0 

1 1 
0 0 
1 1 
1 2 
1 1 
0 0 

1 1 
1 1 
0 0 
1 1 
1 1 
0 0 

2 1 
2 1 
2 1 
0 0 
2 2 
0 1 

1 1 
1 1 
1 1 
1 2 
0 0 
0 0 

........................
time: 11
1 1 
1 1 
1 1 
1 1 
1 2 
0 0 

0 0 
1 1 
1 1 
1 1 
1 2 
0 0 

1 1 
0 0 
1 1 
1 1 
1 2 
0 0 

1 1 
1 1 
0 0 
1 1 
1 2 
0 0 

1 1 
1 1 
1 1 
0 0 
1 1 
0 2 

2 1 
2 1 
2 1 
2 1 
0 0 
0 0 

........................
