Snapshot: 0
0 1 0 0 0 0 
1 0 1 0 0 0 
0 1 0 1 0 0 
0 0 1 0 1 0 
0 0 0 1 0 1 
0 0 0 0 1 0 
........................
Snapshot: 1
0 1 0 0 0 1 
1 0 1 0 0 0 
0 1 0 1 0 0 
0 0 1 0 1 0 
0 0 0 1 0 0 
1 0 0 0 0 0 
........................
Snapshot: 2
0 1 0 0 0 1 
1 0 1 0 0 0 
0 1 0 1 0 0 
0 0 1 0 0 0 
0 0 0 0 0 1 
1 0 0 0 1 0 
........................
Snapshot: 3
0 0 0 0 0 1 
0 0 1 0 0 0 
0 1 0 1 0 0 
0 0 1 0 1 0 
0 0 0 1 0 1 
1 0 0 0 1 0 
........................
Snapshot: 4
0 1 0 0 0 0 
1 0 1 0 0 0 
0 1 0 1 0 0 
0 0 1 0 1 0 
0 0 0 1 0 1 
0 0 0 0 1 0 
........................
Snapshot: 5
0 1 0 0 0 1 
1 0 0 0 0 0 
0 0 0 1 0 0 
0 0 1 0 1 0 
0 0 0 1 0 1 
1 0 0 0 1 0 
........................
Snapshot: 6
0 0 0 0 0 1 
0 0 1 0 0 0 
0 1 0 1 0 0 
0 0 1 0 1 0 
0 0 0 1 0 1 
1 0 0 0 1 0 
........................
Snapshot: 7
0 0 0 0 0 1 
0 0 1 0 0 0 
0 1 0 1 0 0 
0 0 1 0 1 0 
0 0 0 1 0 1 
1 0 0 0 1 0 
........................
Snapshot: 8
0 1 0 0 0 0 
1 0 1 0 0 0 
0 1 0 1 0 0 
0 0 1 0 1 0 
0 0 0 1 0 1 
0 0 0 0 1 0 
........................
Snapshot: 9
0 1 0 0 0 1 
1 0 1 0 0 0 
0 1 0 1 0 0 
0 0 1 0 1 0 
0 0 0 1 0 0 
1 0 0 0 0 0 
........................
Snapshot: 10
0 1 0 0 0 1 
1 0 1 0 0 0 
0 1 0 1 0 0 
0 0 1 0 0 0 
0 0 0 0 0 1 
1 0 0 0 1 0 
........................
Snapshot: 11
0 1 0 0 0 1 
1 0 1 0 0 0 
0 1 0 1 0 0 
0 0 1 0 1 0 
0 0 0 1 0 0 
1 0 0 0 0 0 
........................
Snapshot: 12
0 1 0 0 0 1 
1 0 1 0 0 0 
0 1 0 0 0 0 
0 0 0 0 1 0 
0 0 0 1 0 1 
1 0 0 0 1 0 
........................
Snapshot: 13
0 1 0 0 0 1 
1 0 1 0 0 0 
0 1 0 1 0 0 
0 0 1 0 1 0 
0 0 0 1 0 0 
1 0 0 0 0 0 
........................
Snapshot: 14
0 1 0 0 0 1 
1 0 0 0 0 0 
0 0 0 1 0 0 
0 0 1 0 1 0 
0 0 0 1 0 1 
1 0 0 0 1 0 
........................
Snapshot: 15
0 1 0 0 0 1 
1 0 1 0 0 0 
0 1 0 0 0 0 
0 0 0 0 1 0 
0 0 0 1 0 1 
1 0 0 0 1 0 
........................
Snapshot: 16
0 1 0 0 0 1 
1 0 1 0 0 0 
0 1 0 0 0 0 
0 0 0 0 1 0 
0 0 0 1 0 1 
1 0 0 0 1 0 
........................
Snapshot: 17
0 1 0 0 0 1 
1 0 0 0 0 0 
0 0 0 1 0 0 
0 0 1 0 1 0 
0 0 0 1 0 1 
1 0 0 0 1 0 
........................
Snapshot: 18
0 0 0 0 0 1 
0 0 1 0 0 0 
0 1 0 1 0 0 
0 0 1 0 1 0 
0 0 0 1 0 1 
1 0 0 0 1 0 
........................
Snapshot: 19
0 1 0 0 0 1 
1 0 0 0 0 0 
0 0 0 1 0 0 
0 0 1 0 1 0 
0 0 0 1 0 1 
1 0 0 0 1 0 
........................
Snapshot: 20
0 1 0 0 0 0 
1 0 1 0 0 0 
0 1 0 1 0 0 
0 0 1 0 1 0 
0 0 0 1 0 1 
0 0 0 0 1 0 
........................
Snapshot: 21
0 0 0 0 0 1 
0 0 1 0 0 0 
0 1 0 1 0 0 
0 0 1 0 1 0 
0 0 0 1 0 1 
1 0 0 0 1 0 
........................
Snapshot: 22
0 1 0 0 0 1 
1 0 0 0 0 0 
0 0 0 1 0 0 
0 0 1 0 1 0 
0 0 0 1 0 1 
1 0 0 0 1 0 
........................
Snapshot: 23
0 1 0 0 0 1 
1 0 1 0 0 0 
0 1 0 0 0 0 
0 0 0 0 1 0 
0 0 0 1 0 1 
1 0 0 0 1 0 
........................
